99
1 33
3 65
4 45
5 92
6 52
8 57
11 52
13 80
18 97
19 79
21 48
23 52
24 12
12 91
26 14
27 42
28 84
36 61
37 68
41 33
33 44
44 81
46 95
48 2
51 22
22 15
52 53
55 68
58 45
45 86
61 25
25 69
63 29
66 40
40 65
65 67
68 90
69 30
71 56
56 91
72 85
75 70
70 17
76 67
67 49
49 74
78 73
73 14
14 2
2 83
80 29
29 96
82 79
79 34
83 38
84 74
74 86
85 30
87 60
60 9
88 20
20 50
50 32
32 86
86 64
64 96
89 57
90 9
9 16
16 54
54 57
57 30
91 42
42 31
93 77
77 15
15 81
81 34
94 98
96 92
97 17
17 31
98 62
62 39
39 30
30 34
34 59
59 47
47 31
31 92
92 53
99 7
7 10
10 35
35 38
38 95
95 43
43 53
53 0

